# Second topology to be analyzed for physical-impairment and Fragmentation aware RMSA
30
56
1 2 135
1 3 290
1 4 142
2 3 176
2 12 313
3 6 152
4 5 157
4 6 267
5 8 143
5 25 110
5 27 263
6 9 114
6 10 102
6 12 111
7 8 52
7 9 89
7 20 138
7 25 110
8 9 99
9 10 107
9 18 194
10 11 104
10 16 126
11 12 101
11 13 154
11 16 142
13 14 214
13 15 145
13 16 133
14 15 84
14 17 193
15 17 133
16 17 129
17 18 140
17 19 154
18 19 81
18 20 129
19 20 142
19 21 102
20 21 137
20 26 156
21 22 119
22 23 130
22 24 141
23 24 152
23 26 92
23 28 114
24 30 224
25 26 156
25 27 226
25 28 223
27 28 197
27 29 155
28 29 125
28 30 156
29 30 129
